1.687730788834525,0.7032566972862034,-0.42255592784498663,-0.9108670241385743,0.7408829589816006,1.7229725606473032,-0.32399832566109643,1.4949016647872382,-1.7409919804736071,-0.5844924366834111,-0.6647693854104519,-1.1612339729906385,-2.6331171691390733,-0.8709067034411615,0.2823924985922531,-2.286986295218635,-2.560098274327968,1.807258250524435,2.393168753679242,-2.838570964309554,-2.5142800911966545,-1.4041533832913409,-3.2782572648590595,-3.026226143276421,2.9616999498918912,2.260542464139776,-2.0725074654080715,-1.352371916777698,-0.6944613254342922,1.6335879671931863,-1.895613500359104,-2.4490720157732344,0.8232531110126002,-2.977942853245809,-1.6452823483745196,-1.449040413598233,-2.4169997948151525,0.9612167802692265,0.1218644539803928,0.7454902766008485,-1.6950000180818992,0.3851799985221911,1.0073078234708235,2.739140116520982,0.5171307076048736,0.6132293592613158,2.5451848773663834,-2.246980510090143
numHidden 	5
numGenes 	48
minGene 	-3.0
maxGene 	3.0
popSize 	40
maxEvaluations 	0
mutateRate 	0.01
mutateChange 	0.1
seed 	1676980203983
random 	java.util.Random@144bb15f
neuralNetworkClass 	class coursework.ExampleEvolutionaryAlgorithm
Training Set Training
Fitness 0.12223055572892849