0.45659877032092666,1.7225249553047814,-1.7934302713473709,1.9685855515056172,-2.941766298998317,2.7757681771511677,0.0965262932389157,2.6771971542358783,-2.934926786192846,-1.2457449324845378,-0.6503328913006656,0.38348656370393897,0.9615926749070925,-1.6630758174416713,-3.044462913165536,-1.4811218654857268,-0.21695004936175574,-1.7971581156727774,-1.481953048810968,-2.6720099701254676,2.5609322012934594,1.5753910338802637,1.8415211536183764,1.812874627546825,-1.5491765321897417,-0.6883939516837414,-0.8656355718548729,2.0276757516632555,0.31533329452330694,-2.166970070797515,0.46841841230179104,1.090190099031814,-2.1375331582165735,-2.993422657821668,-1.8964317149544274,1.1826864080051327,2.155048069694804,0.7834967161005836,1.3461403706553656,0.30769460121571446,2.0095448176665323,-1.6083669014568085,-1.6438807339219714,-1.654670696026512,2.2928752681250297,0.15080599727043398,0.9521939433438324,2.6270831894537956
numHidden 	5
numGenes 	48
minGene 	-3.0
maxGene 	3.0
popSize 	40
maxEvaluations 	0
mutateRate 	0.01
mutateChange 	0.1
seed 	1676978540914
random 	java.util.Random@2dd8be65
neuralNetworkClass 	class coursework.ExampleHillClimber
Training Set Training
Fitness 0.1262698297655036