-2.695729492192557,0.5677924490106175,-1.2090293698409633,-2.55347107218408,1.321468058649769,-1.3747963222675406,0.49772126075220147,-1.4581509276166353,-1.8322803566546138,0.49234007409959046,-0.9423462169691792,2.339920993920984,-2.5542756404831817,-0.839273228773636,-0.4746155203329403,1.7847684815226676,-1.9598144481676383,2.6296890443972547,2.816728614733622,1.6432746723045017,-1.4082909106903472,1.0698236276794013,1.4826951513135258,2.328398882157912,0.1928167850162792,1.8248288802793198,0.7134538279819944,1.4949255642441202,-0.31346683960442734,-2.931616735139511,-2.0568415654000782,-0.4804470838156414,0.2257338529207331,2.694866574277406,2.2479986355731834,-0.4670176023975944,2.316683933343359,-1.5276691137207907,-2.461166143306307,1.9150323997889869,2.4229234056300646,-2.9767634640277096,-1.653750366696318,-1.4053406636128754,2.645895414747617,0.8230759600783095,2.7798600250827494,-1.7848729488912423
numHidden 	5
numGenes 	48
minGene 	-3.0
maxGene 	3.0
popSize 	40
maxEvaluations 	0
mutateRate 	0.01
mutateChange 	0.1
seed 	1676980274466
random 	java.util.Random@2a7c1071
neuralNetworkClass 	class coursework.ExampleEvolutionaryAlgorithm
Training Set Training
Fitness 0.2682039054971905