2.9546442515449916,-0.09724760245811961,-0.37260037730918016,1.1803768352556254,0.20924004905874316,-1.589145765341185,-0.6908531047533927,-0.38222984002884763,-0.21742058014323273,1.8374898753979005,0.7807453888614034,-1.158866107570871,-2.6642137165877524,-2.7686505048774275,0.9438763329798446,-1.1556410070149257,-0.5303991761444582,0.4207414908300725,0.19166555092930881,-0.011756919484757766,-1.6365057826019302,1.3824484440724372,0.5378169111425843,1.1660100385595213,0.010930673649919065,-1.062327672944826,2.032657065853824,-2.014343069276514,2.1986127517519054,2.066947605178015,2.1324833702702013,1.109252543415105,-0.03846453230442873,0.5542650431020086,2.8163457000518046,-1.3985792513905486,-2.6828431645028936,-2.8234905658757405,0.5596248617476296,2.6388531372070734,-0.5590224467682339,1.3476681043790668,1.776502661600178,1.4198027561907614,-0.9076942726523352,1.4081325802180698,-1.366342904515686,1.0871212639347447
numHidden 	5
numGenes 	48
minGene 	-3.0
maxGene 	3.0
popSize 	40
maxEvaluations 	0
mutateRate 	0.01
mutateChange 	0.1
seed 	1676979666806
random 	java.util.Random@7a14e45f
neuralNetworkClass 	class coursework.ExampleEvolutionaryAlgorithm
Training Set Training
Fitness 0.2675828479901318